-1.9855	0.001
-1.9484	0.001
-1.91	0.001
-1.863	0.001
-1.8145	0.001
-1.7589	0.001
-1.7104	0.001
-1.6619	0.001
-1.612	0.001
-1.5606	0.001
-1.5092	0.001
-1.4592	0.001
-1.4078	8.70E-04
-1.362	7.47E-04
-1.3091	6.16E-04
-1.2563	5.03E-04
-1.2105	4.19E-04
-1.1633	3.44E-04
-1.109	2.71E-04
-1.0603	2.21E-04
-1.0059	1.77E-04
-0.95728	1.47E-04
-0.90861	1.25E-04
-0.85852	1.08E-04
-0.80842	9.44E-05
-0.75831	8.20E-05
-0.70964	7.12E-05
-0.66097	6.13E-05
-0.61087	5.22E-05
-0.55647	4.28E-05
-0.50637	3.50E-05
-0.45626	2.81E-05
-0.40616	2.20E-05
-0.35748	1.66E-05
-0.30738	1.21E-05
-0.25727	8.28E-06
-0.20859	5.47E-06
-0.15849	3.23E-06
-0.10695	1.77E-06
-0.05684	8.09E-07
-0.00959	1.40E-07
0.00902	8.08E-08
0.05913	7.10E-07
0.10924	1.44E-06
0.15792	2.43E-06
0.20803	3.72E-06
0.25957	5.32E-06
0.30824	7.22E-06
0.35835	9.68E-06
0.40846	1.25E-05
0.45857	1.58E-05
0.50867	1.96E-05
0.55735	2.38E-05
0.60745	2.85E-05
0.65756	3.36E-05
0.70623	3.90E-05
0.75634	4.50E-05
0.80645	5.15E-05
0.85512	5.81E-05
0.90522	6.55E-05
0.95533	7.29E-05
1.0054	8.10E-05
1.0555	8.94E-05
1.1042	9.87E-05
1.1529	1.08E-04
1.203	1.18E-04
1.2517	1.29E-04
1.3003	1.40E-04
1.3504	1.52E-04
1.4005	1.65E-04
1.4492	1.85E-04
1.4993	1.90E-04
1.5494	2.05E-04
1.5981	2.21E-04
1.6467	2.36E-04
1.6968	2.53E-04
1.7455	2.70E-04
1.7956	2.88E-04
1.8443	3.08E-04
1.8915	3.49E-04
1.943	3.51E-04
1.9902	3.94E-04
